-0.04932
-0.00395
-0.09960
-0.02709
0.00168
-0.24315
-0.00528
-0.02623
-0.18060
0.00151
-0.15695
-0.09421
-0.03209
0.00971
0.01388
-0.00277
-0.13472
-0.13269
-0.11250
-0.00259
-0.32121
-0.38561
-0.00340
0.01711
-0.01048
0.01609
-0.07615
-0.28232
-0.18672
0.02393
-0.21466
-0.46661
-0.11416
-0.08308
0.01444
0.00314
0.00364
0.00481
-0.23292
-0.36216
-0.11851
-0.50150
0.00947
0.03815
-0.32043
-0.42096
-0.55765
-0.25364
-0.00264
0.01800
-0.01434
0.05556
-0.51924
-0.60948
-0.00267
-0.10435
-0.06735
-0.00234
-0.00796
0.01666
0.04391
-0.01051
-0.17699
-0.28119
-0.29476
-0.44542
-0.19387
-0.63719
-0.12929
0.05306
-0.40964
-0.46476
-0.50556
-0.12714
-0.15519
-0.01566
0.06875
0.08536
0.08999
0.07440
-0.22411
-0.31334
-0.40341
-0.67301
-0.15145
-0.17835
-0.01286
0.01642
0.00976
0.07061
0.12590
-0.45716
-0.38853
-0.35304
-0.28417
-0.56230
-0.12494
-0.00201
0.15293
0.13279
0.14418
0.18697
0.14444
-0.00588
-0.34637
-0.59175
-0.60304
-0.34490
0.04387
0.06572
0.09963
0.15770
-0.36508
-0.39016
-0.41354
-0.16471
-0.11868
0.00118
0.22238
0.16936
0.22212
0.12153
-0.27554
-0.53465
-0.39396
-0.61597
-0.35031
-0.19209
0.06259
0.06211
0.08369
0.09502
0.02481
0.16079
0.18222
-0.23443
-0.05480
-0.19251
-0.11283
-0.07584
-0.01214
-0.01954
-0.00565
0.00813
0.25266
0.23299
0.29062
0.01871
-0.17812
-0.18368
-0.33401
-0.84493
-0.76004
-0.41978
-0.05485
-0.03587
0.07907
0.09240
0.10123
0.11513
0.03059
0.13220
0.27076
-0.30563
-0.19594
-0.06810
-0.22041
-0.15796
-0.12671
-0.10085
-0.00014
0.00007
0.00951
0.00566
0.00811
0.36487
0.27189
0.38299
0.38601
0.21320
0.37235
-0.08164
-0.27511
-0.26127
-0.12206
-0.78401
-0.56549
-0.44179
0.08680
-0.28113
0.11434
0.10812
0.12399
0.14636
0.05952
0.19005
0.28083
-0.18368
-0.14950
0.00499
0.01181
0.00862
0.01369
0.27375
0.37106
0.44482
0.47377
0.51872
0.27078
0.16153
0.03784
-0.08358
0.38417
-0.08780
-0.81374
-0.77126
-0.00450
-0.22581
-0.26345
-0.04072
0.07216
0.09197
0.11714
0.16218
0.03634
0.27055
0.44477
-0.00049
-0.03880
0.06916
0.08111
-0.55266
0.15359
-0.20300
-0.24236
-0.19194
-0.18290
-0.22283
-0.26493
-0.17567
0.02296
-0.01395
-0.00804
-0.01116
0.00356
0.11040
0.41373
0.40847
0.53529
0.39399
0.53789
0.38335
0.24169
0.11196
0.01483
-0.06402
0.43675
-0.00117
-0.91973
-0.61835
-0.65425
0.11311
-0.34002
0.10041
0.11631
0.08985
0.04811
0.27624
0.54455
0.48163
0.09081
0.02249
0.16018
-0.32626
0.17596
-0.20531
-0.28215
-0.30021
-0.12804
0.00118
-0.01544
-0.00312
0.01147
0.00328
0.01789
-0.00195
0.52156
0.51668
0.53872
0.56299
0.39641
0.35990
0.26244
0.07800
0.07284
0.44034
0.05300
0.12281
0.17823
-0.68792
-0.84385
-0.53163
0.13396
0.14246
-0.34941
-0.30722
0.08795
0.07549
0.10391
0.15649
0.08917
0.04253
0.59831
0.50258
0.18956
0.15444
0.20959
0.19240
-0.23490
-0.22394
-0.17988
0.02657
0.04924
0.60682
0.56736
0.34712
0.32655
0.40062
0.22730
0.14265
0.18644
-0.61542
-0.86977
-0.67680
-0.47293
0.06274
0.09664
0.09272
-0.11666
0.14090
-0.36697
-0.27910
0.16091
-0.26773
0.06458
0.27653
0.56256
0.24895
0.23160
0.22440
0.20817
0.20923
-0.37182
0.18054
-0.26893
-0.25446
-0.24420
-0.25984
-0.23709
0.01595
0.00978
0.01636
0.50264
0.40378
0.44243
0.29350
0.17929
0.20585
0.22289
0.22214
-1.02039
-0.87626
-0.65998
-0.35773
0.04438
-0.01006
-0.25875
-0.32730
-0.22511
-0.06026
0.03812
0.03736
0.10219
0.18070
0.03822
0.36879
0.22338
0.25272
0.23933
-0.26363
-0.27376
-0.28302
-0.25083
-0.19915
-0.16302
-0.09864
0.01184
-0.01125
-0.01471
0.04822
0.01704
0.51722
0.49991
0.41923
0.27071
0.37050
0.30672
0.21890
0.22730
-0.32800
0.09244
0.11212
-0.25827
0.14241
-0.21842
0.16429
-0.19503
0.05090
0.14804
0.07531
0.03871
0.46949
0.32136
0.20079
0.25184
0.16749
-0.24336
-0.29721
-0.23876
-0.27867
-0.27108
-0.00638
-0.01024
0.03243
0.02464
0.01844
-0.00092
0.38367
0.35063
0.25920
0.25540
0.25809
0.18171
0.20900
0.24495
-0.88229
-0.99913
-0.81091
-0.49328
-0.33044
-0.26659
-0.00942
-0.11754
0.03220
0.20406
0.03969
0.39912
0.20795
0.21880
0.14575
-0.60721
-0.16064
-0.20882
-0.16714
-0.09456
0.00613
0.02239
0.35891
0.33331
0.27349
0.19302
0.18942
0.20222
0.23251
0.21580
0.17446
-0.79983
0.04751
0.11629
0.04310
0.11502
-0.07144
-0.23595
0.12342
-0.10868
0.11428
-0.17717
0.04564
0.09002
0.03846
0.21447
0.20855
0.21899
0.29483
0.24051
0.13676
-0.24718
-0.30322
-0.27500
-0.24143
0.01762
0.02727
0.03170
-0.00996
-0.00839
0.00957
0.06303
0.08950
-0.04098
0.03410
0.00847
0.30891
0.24789
0.24831
0.19021
0.17725
0.19050
0.21126
0.20029
0.17661
0.14304
-0.64556
-0.86482
-0.93827
-0.57746
-0.21728
-0.07138
0.06685
0.09430
-0.00479
0.13070
0.18367
0.18656
-0.47305
-0.25791
-0.20296
-0.28101
-0.19286
-0.11613
-0.06681
-0.03760
-0.07079
0.04553
-0.00343
-0.00245
0.02093
0.25534
0.24062
0.24536
0.22188
0.17724
0.17581
0.17602
0.13835
-0.68303
-0.75282
-0.16626
-0.00515
-0.09158
0.09646
0.10318
0.12858
-0.11788
0.01619
0.04850
0.09187
0.02276
0.02123
0.04303
0.20972
0.16176
0.12021
0.01177
-0.22914
-0.14011
-0.25455
-0.12846
-0.23793
-0.20218
-0.15254
-0.06554
0.04909
0.01453
0.01786
0.00132
-0.01337
0.00036
0.13095
0.02153
0.00869
-0.03778
0.19916
0.28249
0.21721
0.21033
0.20347
0.21824
0.19055
0.18024
0.17336
-0.84642
-0.35292
0.08679
0.00910
-0.33236
0.10255
0.06118
0.07412
0.19062
0.20510
0.14462
0.12665
0.11415
0.05012
-0.23304
-0.26009
-0.17522
-0.11929
-0.21108
-0.17872
-0.14235
-0.02562
0.02662
0.05111
0.07307
0.05059
0.01511
0.00750
-0.00291
0.00210
0.12610
0.02929
0.14283
0.22598
0.20354
0.20589
0.15726
0.14725
0.13238
0.12544
-0.78596
-0.44513
-0.16294
0.06100
0.07247
0.05457
0.02983
-0.04458
-0.21320
-0.17608
0.09956
-0.10552
0.01135
0.05384
0.05361
0.15424
0.18273
0.10767
-0.24375
-0.21053
-0.23099
-0.19271
-0.16846
-0.07789
-0.04714
0.07589
0.07326
0.04102
0.15021
0.04593
0.19704
0.20057
0.18435
0.18881
0.15574
-0.55893
-0.75049
0.06788
0.04652
0.02085
-0.02336
0.06199
0.08422
0.02355
0.05958
0.08110
0.10428
0.02683
0.01164
0.03430
0.02185
0.17291
0.08272
-0.38972
0.07630
-0.20252
-0.15706
-0.12727
-0.16914
-0.02506
-0.21168
-0.11909
-0.07313
-0.06763
0.16525
0.06961
0.15512
0.06564
0.16682
0.14512
0.07908
-0.01777
-0.03807
0.18847
-0.00121
0.18166
0.00001
0.01844
0.04643
0.15088
0.17725
0.18942
0.18616
0.15196
0.11231
0.08935
0.10088
-0.62117
-0.10181
0.09290
-0.10630
0.08594
-0.22493
-0.41400
-0.04617
0.12487
0.05125
0.02749
0.18233
0.13439
-0.20344
-0.19351
-0.19372
-0.12818
-0.13705
-0.06762
-0.19582
-0.19844
-0.15437
-0.06365
-0.06897
-0.08379
0.09580
0.11247
0.10639
0.23983
0.22153
0.07283
-0.02485
0.00064
0.05661
0.17098
0.18016
0.17776
0.14568
0.13105
-0.61364
-0.75981
-0.30584
0.05206
0.03792
0.06828
0.01811
-0.00629
-0.01556
0.07252
0.08127
-0.06993
0.06921
0.07066
0.05884
0.03765
-0.07944
0.17414
0.03330
0.12939
0.02219
0.01756
0.15685
-0.12072
-0.17224
-0.06994
-0.17299
-0.16868
-0.05465
-0.09683
-0.03867
-0.05482
0.19462
0.20549
0.19936
0.22664
0.26560
0.17072
0.30237
-0.01247
0.00670
0.17558
0.09268
0.03960
0.16678
0.12600
0.10225
0.10137
0.09571
0.06554
-0.56120
-0.09426
0.03598
0.06143
0.05308
0.06803
-0.10649
-0.30246
-0.51972
-0.03325
0.03142
0.10175
0.01588
0.13044
0.15970
0.16888
0.11867
-0.08307
-0.09958
-0.20170
-0.18973
0.01275
-0.00005
0.01566
0.17921
0.48281
0.49642
0.51497
0.39617
0.27266
0.24106
0.38068
0.41280
0.20338
0.00377
0.01792
0.01766
0.10441
0.10199
0.16279
0.15501
0.12668
0.11099
0.07552
0.08556
0.07338
-0.49012
-0.30323
-0.21225
-0.10989
0.00866
0.03650
0.03971
0.02488
-0.04653
-0.08986
0.07155
0.05465
-0.20372
-0.37582
-0.50642
0.57858
0.02978
0.03932
0.06730
0.09486
0.02399
0.14622
0.14617
0.16629
0.03552
-0.01322
-0.14441
-0.16159
-0.08611
-0.07698
-0.15234
-0.08338
-0.07693
0.03485
0.02191
0.04246
0.54205
0.75303
0.86570
0.82679
0.46512
0.48999
0.38835
0.51501
0.32850
0.10876
0.13873
-0.00558
0.20710
0.13861
0.12594
0.10405
0.14605
0.15360
0.16077
0.14480
0.11525
-0.39654
0.01155
0.06177
-0.32539
0.01108
0.09710
0.04887
0.00895
0.05438
-0.06968
0.02862
0.04422
0.00882
-0.00755
-0.17206
-0.19563
-0.06794
-0.04716
0.05715
0.07524
0.05700
0.09586
0.54184
0.63978
0.63498
0.68006
0.73403
0.37323
0.17400
0.33504
0.04595
0.00929
0.22548
0.18153
-0.00613
0.11553
0.02555
-0.00657
0.14671
0.08792
0.06251
0.09065
-0.17041
0.06236
0.04611
0.06966
-0.01506
0.05667
-0.28452
-0.44896
-0.43714
0.06859
0.38933
0.03018
-0.00486
0.09189
0.12802
0.09439
0.12944
0.04951
0.05310
0.04122
0.05404
0.05456
0.01684
-0.11001
-0.09029
-0.12422
0.00775
0.09380
0.06794
0.05512
0.10182
0.11024
0.12175
0.41368
0.41309
0.59101
0.58229
0.52321
0.44116
0.32001
0.26311
0.18616
0.28596
0.17726
0.01015
0.13076
0.02654
0.01834
0.15359
0.13793
0.09910
0.09780
0.06949
0.06137
0.04688
-0.02473
0.05376
0.06763
0.03402
-0.01026
-0.18378
-0.34342
0.06643
-0.17515
0.08418
0.10398
0.02539
0.02024
0.08118
0.01860
0.01933
0.11791
0.04713
-0.31377
0.04708
0.08328
-0.03130
-0.07210
-0.06551
-0.16975
-0.06160
-0.06185
0.00352
-0.09755
-0.06956
-0.00447
0.09701
0.08924
0.10458
0.08070
0.30892
0.55738
0.22860
0.25489
0.19437
0.15521
0.14575
0.03175
0.19168
0.09721
0.02125
-0.00055
0.12236
0.12351
0.14052
-0.11128
0.04845
0.04857
0.06664
0.06674
0.05496
0.06502
0.04493
0.05752
-0.07038
-0.12179
0.04560
-0.18498
-0.15373
-0.11469
-0.01983
0.09089
0.13074
0.01623
-0.05072
-0.04570
-0.05422
-0.02379
0.03470
0.08925
0.14210
0.11553
0.06755
0.09802
0.24292
0.29785
0.33811
0.30213
0.25980
0.22261
0.19069
0.17809
0.06982
0.03992
0.12618
0.04146
0.13068
0.12833
0.11015
0.13627
0.08047
0.08478
0.07012
0.07147
0.04832
0.01735
-0.03074
-0.09800
-0.12266
0.04927
-0.17946
0.08955
-0.04560
0.12258
0.10744
0.02574
0.02980
0.02391
0.05362
-0.17500
0.01656
0.06657
-0.00792
0.04587
0.02639
-0.00515
-0.02719
-0.01537
0.00470
0.05620
0.13959
0.12254
0.11142
0.37383
0.19783
0.10368
0.14471
0.12880
0.09891
0.08406
0.05976
0.08201
0.04703
-0.01265
0.04941
0.07645
0.10257
0.06366
0.07275
0.04349
0.00813
-0.12208
-0.08978
-0.04175
-0.00782
0.03186
-0.01702
0.07633
0.08724
0.04732
0.11728
0.05301
0.10252
0.04309
-0.00313
-0.00300
0.02712
0.00900
0.08316
0.09596
0.13169
0.06189
0.14059
0.05190
0.20679
0.23376
0.22607
0.18926
0.16282
0.17088
0.15618
0.09598
0.01606
0.02347
0.04396
0.12838
0.12407
0.11365
0.09316
0.06541
0.13556
0.17207
0.06503
0.05850
0.05437
-0.00802
-0.04065
-0.03226
-0.02998
0.01998
0.18354
0.08494
0.03505
0.01252
0.06141
0.02803
0.09739
0.07510
0.05564
0.06496
0.15320
0.09641
0.03304
0.01255
0.08564
0.10819
0.06707
0.01627
0.06548
0.04342
0.13875
0.15703
0.13073
0.09668
0.09567
0.10852
0.16626
0.16898
0.16822
0.19722
0.13978
0.12260
0.14320
0.12408
0.05260
0.07044
0.01786
0.08373
0.10196
0.09286
0.07112
0.02770
0.14748
0.18967
0.06292
0.06584
0.04952
0.04389
-0.04211
0.05305
0.13581
0.11906
0.00845
-0.00633
-0.01222
0.09896
0.09185
0.08699
0.03873
0.11062
0.12913
0.11469
0.03603
0.05165
0.03730
0.06017
0.08363
0.08070
0.11388
0.19001
0.12603
0.08818
0.06954
0.08869
0.16587
0.13539
0.15350
0.10553
0.08006
0.06381
0.03573
0.12241
0.09562
0.10933
0.10911
0.09120
0.15024
0.18644
0.17508
0.05766
0.06422
0.07225
0.04601
0.08416
0.10929
0.08660
0.14429
0.09474
0.11984
0.08344
0.01253
0.04147
0.04312
0.08393
0.08016
0.09042
0.05753
0.04286
0.06104
0.04178
0.09387
0.11606
0.13587
0.04751
0.13121
0.06602
0.05557
0.06168
0.08565
0.13102
0.17418
0.19513
0.15358
0.04731
0.13939
0.16901
0.13207
0.11301
0.12137
0.09838
0.07236
0.02552
0.11909
0.10100
0.10000
0.07994
0.07667
0.12330
0.04457
0.15907
0.20099
0.20943
0.18869
0.05168
0.06766
0.07763
0.03605
0.02233
0.04178
0.05550
0.14098
0.12315
0.02973
-0.02201
0.03063
0.07028
0.05812
0.06150
0.08344
0.11084
0.13288
0.14390
0.07593
0.08328
0.09259
0.12255
0.12666
0.16025
0.09108
0.04226
0.03843
0.10661
0.04209
0.16435
0.15391
0.12142
0.10645
0.12535
0.10779
0.15334
0.11901
0.09841
0.08886
0.08365
0.02915
0.10978
0.09422
0.09557
0.07942
0.08775
0.11331
0.10715
0.22500
0.03866
0.07917
0.13137
0.13875
0.13782
0.11018
-0.00537
-0.00021
0.04125
0.07548
0.04251
0.05122
0.02836
0.04037
0.19869
0.17563
0.11495
0.14508
0.14035
0.09692
0.15812
0.17836
0.03497
0.09071
0.13112
0.10222
0.08976
0.08832
0.10252
0.06186
0.07841
0.03324
0.10090
0.11077
0.13799
0.12222
0.25648
0.23551
0.04635
0.05144
0.05874
0.08691
0.11284
0.06701
0.08143
0.11795
0.18897
0.14942
0.14697
0.11127
0.13682
0.07997
0.04820
0.04309
0.00840
0.03399
0.02305
0.06442
0.06227
0.09176
0.03092
0.03391
0.23660
0.10803
0.11875
0.09603
0.15056
0.08500
0.09867
0.16772
0.15697
0.12649
0.02968
0.04646
0.11714
0.07809
0.09549
0.09249
0.09168
0.07439
0.06553
0.09366
0.05573
0.09214
0.13577
0.10752
0.21354
0.06167
0.06766
0.07916
0.11386
0.13967
0.16575
0.21092
0.15921
0.05289
0.14304
0.04752
0.00986
0.01551
0.04392
0.05546
0.06709
0.03325
0.03247
0.05805
0.16917
0.10521
0.12094
0.09582
0.10103
0.12294
0.16151
0.17443
0.18494
0.16581
0.09150
0.10832
0.09206
0.10457
0.09710
0.08393
0.09936
0.06126
0.10900
0.12532
0.25241
0.24202
0.19289
0.08626
0.14524
0.15458
0.18704
0.16503
0.07153
0.07830
0.07490
0.01348
0.06637
0.04608
0.02525
0.07124
0.12136
0.13555
0.11212
0.14775
0.14908
0.09906
0.17782
0.15862
0.16651
0.13662
0.08309
0.09547
0.09305
0.07801
0.07436
0.10283
0.07586
0.10874
0.05046
0.04241
0.04032
0.09054
0.07630
0.07958
0.11375
0.13043
0.12521
0.03371
0.04813
0.17130
0.21655
0.24899
0.14449
0.04461
0.07283
0.04147
0.03773
0.01240
0.02408
0.05465
0.02247
0.02254
0.04924
0.05407
0.18686
0.12165
0.10266
0.09185
0.09970
0.11342
0.17624
0.13243
0.05732
0.02632
0.11088
0.04823
0.05909
0.09650
0.09460
0.10912
0.06828
0.05426
0.10400
0.06402
0.10379
0.13350
0.11111
0.23341
0.22041
0.04074
0.11586
0.17035
0.20530
0.22713
0.06047
0.06387
0.07698
0.02141
0.06370
0.10327
0.02199
0.02534
0.22513
0.12161
0.12909
0.16972
0.15024
0.14560
0.02617
0.09362
0.05564
0.07861
0.07790
0.07484
0.11128
0.07684
0.11373
0.09064
0.07918
0.21630
0.19636
0.02583
0.05310
0.07505
0.12704
0.15185
0.19993
0.16085
0.10614
0.05019
0.05902
0.01653
0.04970
0.06453
0.03723
0.00603
0.00763
0.02552
0.03698
0.17800
0.12792
0.09239
0.14522
0.08920
0.07686
0.11727
0.06619
0.04647
0.06667
0.08550
0.08145
0.10793
0.02773
0.07930
0.11320
0.10885
0.08771
0.10944
0.02681
0.20224
0.17393
0.17394
0.13533
0.10665
0.04343
0.06011
0.06500
0.01331
0.04010
0.05680
0.02459
0.10148
0.10759
0.11750
0.08642
0.07576
0.06609
0.14735
0.15809
0.16142
0.07048
0.07861
0.09294
0.06834
0.06824
0.08028
0.07605
0.09077
0.09874
0.09764
0.10777
0.11195
0.05542
0.17446
0.17276
0.17350
0.03351
0.03645
0.04196
0.06117
0.13261
0.14663
0.17055
0.11177
0.08132
0.11275
0.04122
0.03167
0.01856
0.05507
0.04760
0.01421
0.00052
-0.00559
-0.00310
0.00967
0.08831
0.10126
0.07600
0.14090
0.14224
0.10370
0.03965
0.07914
0.09167
0.10930
0.13301
0.10879
0.03423
0.09234
0.06745
0.01736
0.14294
0.13457
0.09151
0.12855
0.14167
0.15952
0.10958
0.06665
0.12629
0.05178
0.03344
0.05140
0.03692
0.02790
0.03786
0.00120
0.03824
0.04364
0.06053
0.10481
0.12714
0.05683
0.16066
0.04893
0.07224
0.11379
0.02910
0.04477
0.08815
0.14969
0.07518
0.05616
0.01716
0.02250
0.06039
0.09027
0.11549
0.14612
0.10764
0.16201
0.03463
0.05583
0.03833
0.01248
0.03631
-0.00134
0.00685
0.00019
0.00504
0.01885
0.01997
0.14537
0.10113
0.12753
0.08345
0.07058
0.05834
0.15401
0.11859
0.09452
0.09497
0.10585
0.13158
0.13173
0.15456
0.03134
0.02096
0.04474
0.12223
0.08836
0.10811
0.12366
0.12423
0.09733
0.07845
0.04392
0.07945
0.03568
0.03546
0.05416
-0.00492
-0.00685
0.00790
0.05188
0.01871
0.01387
0.08198
0.09955
0.06960
0.13054
0.14537
0.06059
0.10845
0.12591
0.04354
0.12330
0.09679
0.11705
0.15220
0.17323
0.03252
0.04679
0.12730
0.17279
0.05203
0.04751
0.06598
0.14559
0.11753
0.10902
0.03008
0.05083
0.06254
0.11220
0.11739
0.11772
0.13339
0.11998
0.06232
0.04856
0.04428
0.09868
0.02488
0.03077
0.02771
0.01377
0.03087
0.00122
0.00528
0.02024
0.01547
0.07908
0.06622
0.14691
0.05007
0.04241
0.04753
0.16108
0.15771
0.15281
0.08447
0.15778
0.13212
0.13379
0.17628
0.18965
0.02181
0.16423
0.16988
0.05556
0.07672
0.04623
0.11748
0.11490
0.10194
0.03488
0.02489
0.03057
0.10207
0.11842
0.10455
0.05604
0.05176
0.15081
0.05092
0.11477
0.02219
0.04503
0.04300
0.02268
0.03321
0.02768
0.06809
0.01415
-0.00345
0.00093
-0.00189
0.01070
0.01538
0.01064
0.01711
0.07523
0.06152
0.10438
0.05739
0.13093
0.04009
0.03512
0.03973
0.15261
0.12672
0.12636
0.12466
0.16216
0.15190
0.15257
0.10700
0.13195
0.16856
0.19018
0.21303
0.09868
0.14652
0.18015
0.06218
0.07376
0.08265
0.11092
0.16340
0.09042
0.05039
0.04219
0.04926
0.06922
0.09658
0.10166
0.11189
0.10889
0.10863
0.15696
0.11807
0.16167
0.10318
0.07388
0.07210
0.09858
0.16057
0.09721
0.12449
0.12998
0.03512
0.06182
0.03882
0.09774
0.00728
0.00620
0.01017
0.04712
0.00308
0.00569
0.00427
0.04614
0.00413
0.01256
0.01039
0.01771
0.03711
0.05944
0.07948
0.09909
0.04438
0.15252
0.02908
0.17737
0.17160
0.16013
0.17335
0.16490
0.14313
0.05194
0.20158
0.10396
0.06905
0.18616
0.04476
0.08519
0.03724
0.16878
0.07102
0.06854
0.10299
0.17526
0.10263
0.09374
0.08998
0.07000
0.03524
0.17856
0.05516
0.17081
0.21565
0.11344
0.11456
0.12254
0.16775
0.06650
0.06176
0.00967
0.08688
0.09952
0.05694
0.12652
0.03257
0.01008
0.00427
0.02156
0.05419
0.12386
0.02918
0.02470
0.02951
0.17057
0.16610
0.19657
0.19683
0.04358
0.20251
0.17845
0.18577
0.18837
0.20050
0.07691
0.10688
0.11571
0.14653
0.20715
0.08266
0.07530
0.07706
0.10743
0.11485
0.17494
0.09897
0.15511
0.18412
0.19398
0.16608
0.18055
0.16847
0.09964
0.09133
0.13613
0.03345
0.20815
0.05770
0.20590
0.11182
0.11312
0.12883
0.14434
0.16456
0.07462
0.04577
0.08075
0.13535
0.12295
0.16237
0.11580
0.13388
0.12563
0.15062
0.16912
0.01794
0.01710
0.02468
0.03788
0.05489
0.09547
0.07271
0.03855
0.09420
0.03895
0.03030
0.17505
0.19096
0.19656
0.19525
0.13900
0.20406
0.20710
0.21810
0.20898
0.17282
0.14138
0.07597
0.19093
0.19533
0.19719
0.10498
0.14188
0.15090
0.07334
0.24165
0.19361
0.20064
0.12259
0.12143
0.12444
0.15195
0.15148
0.17958
0.21621
0.06765
0.05232
0.20793
0.05545
0.21807
0.11555
0.12529
0.10233
0.13869
0.16016
0.17438
0.20734
0.11404
0.04449
0.02711
0.01807
0.06209
0.01144
0.01611
0.02548
0.03329
0.03945
0.08809
0.14428
0.22625
0.05172
0.04812
0.07033
0.06270
0.09791
0.02772
0.02739
0.03771
0.14483
0.15637
0.19601
0.12838
0.17588
0.09679
0.11614
0.14658
0.28611
0.14200
0.17955
0.15204
0.19786
0.17906
0.20680
0.22164
0.27544
0.10726
0.11493
0.05000
0.05535
0.18963
0.18069
0.12373
0.13686
0.17137
0.08228
0.12097
0.12101
0.13163
0.16297
0.14233
0.14485
0.21336
0.14763
0.04305
0.04057
0.01819
0.02208
0.01862
0.01713
0.05066
0.04034
0.05808
0.07279
0.19152
0.20254
0.03693
0.03136
0.15919
0.17178
0.12837
0.16650
0.17332
0.19828
0.19437
0.17745
0.14303
0.17147
0.15235
0.18020
0.15691
0.15398
0.29338
0.26182
0.38329
0.27732
0.18947
0.23402
0.22746
0.16888
0.17351
0.22893
0.08469
0.14586
0.14713
0.09273
0.12016
0.12824
0.13496
0.14357
0.12451
0.19439
0.15841
0.11960
0.07765
0.06608
0.03300
0.02216
0.04257
0.04039
0.06008
0.11492
0.21274
0.25624
0.03879
0.06337
0.09247
0.03819
0.05152
0.04825
0.14097
0.10797
0.14497
0.17904
0.16750
0.16119
0.13238
0.13969
0.14354
0.13741
0.21189
0.09465
0.11116
0.21087
0.29824
0.30449
0.16024
0.38344
0.27774
0.36099
0.35863
0.25897
0.24178
0.20589
0.22596
0.28328
0.19975
0.21455
0.17530
0.11855
0.05891
0.14035
0.14935
0.13939
0.13520
0.13596
0.13596
0.14015
0.14065
0.13190
0.14055
0.21674
0.18014
0.05851
0.10084
0.10355
0.20307
0.23984
0.29711
0.30244
0.04313
0.03363
0.03193
0.03734
0.05591
0.12750
0.14709
0.07472
0.15321
0.12387
0.13682
0.21771
0.10089
0.27917
0.39268
0.38331
0.21678
0.52236
0.37284
0.30758
0.23804
0.22696
0.17953
0.21086
0.23779
0.28395
0.30408
0.37018
0.21582
0.11880
0.13816
0.12886
0.12675
0.11497
0.13979
0.16658
0.13648
0.14309
0.14221
0.13323
0.14339
0.23172
0.21080
0.15539
0.08706
0.07585
0.07130
0.05708
0.03958
0.04586
0.03619
0.06414
0.07850
0.12905
0.20507
0.20953
0.50332
0.42893
0.04235
0.04199
0.08695
0.08623
0.03899
0.08607
0.03946
0.05996
0.07131
0.11864
0.12721
0.09040
0.12552
0.13826
0.20204
0.11953
0.11702
0.54382
0.37700
0.42474
0.41665
0.28593
0.63753
0.55209
0.48103
0.29021
0.29922
0.16722
0.06677
0.12295
0.10929
0.16363
0.15421
0.15153
0.14132
0.13374
0.13492
0.22596
0.23206
0.16391
0.06461
0.03602
0.06388
0.07027
0.17126
0.35827
0.46813
0.65319
0.19399
0.05098
0.07733
0.03832
0.03987
0.06055
0.08211
0.09098
0.10528
0.13493
0.11755
0.10708
0.09260
0.23674
0.09386
0.10160
0.65574
0.52084
0.55130
0.36513
0.29065
0.51515
0.44106
0.41204
0.30951
0.29594
0.36957
0.32898
0.32194
0.46186
0.51493
0.51928
0.35830
0.15737
0.06621
0.10211
0.09923
0.16570
0.16013
0.15376
0.15350
0.14457
0.11337
0.22136
0.19671
0.06455
0.06684
0.12889
0.20646
0.34401
0.45998
0.45871
0.46483
0.46512
0.36710
0.34697
0.05139
0.04872
0.07875
0.09845
0.09397
0.16728
0.09012
0.10515
0.12081
0.08332
0.12437
0.13971
0.20847
0.59330
0.53416
0.56844
0.48820
0.63609
0.53908
0.43330
0.44125
0.48874
0.44173
0.25875
0.04453
0.08954
0.22679
0.08441
0.06838
0.16561
0.18048
0.16704
0.23117
0.23076
0.22822
0.15407
0.08678
0.07861
0.07022
0.06627
0.07045
0.11711
0.17289
0.33639
0.46902
0.33628
0.30195
0.54467
0.57254
0.27513
0.05296
0.06399
0.08979
0.06850
0.05911
0.14296
0.22152
0.09453
0.10933
0.16373
0.67063
0.71276
0.59549
0.59584
0.57921
0.50254
0.31921
0.26195
0.24114
0.25158
0.38412
0.04341
0.04343
0.08797
0.10490
0.08930
0.07303
0.17939
0.15756
0.14006
0.08802
0.13219
0.08481
0.09792
0.11694
0.21880
0.36509
0.48086
0.35451
0.52361
0.48263
0.54217
0.54261
0.25218
0.06571
0.06693
0.12493
0.29383
0.10470
0.11952
0.20589
0.06574
0.06602
0.10223
0.12590
0.60828
0.48204
0.26744
0.11243
0.11149
0.38916
0.49200
0.07992
0.06363
0.05774
0.19604
0.18625
0.17364
0.09630
0.18015
0.19874
0.20519
0.08397
0.10452
0.12857
0.14895
0.20520
0.41541
0.49658
0.48011
0.38646
0.52659
0.05109
0.04047
0.05408
0.04516
0.05638
0.06498
0.12505
0.19230
0.11191
0.14257
0.51726
0.46363
0.04587
0.01628
0.17471
0.17858
0.22187
0.48489
0.35704
0.24044
0.08486
0.05703
0.13813
0.23642
0.05528
0.14724
0.06833
0.08367
0.06427
0.17068
0.12594
0.09207
0.08481
0.08998
0.31736
0.45569
0.51332
0.48063
0.40003
0.47002
0.46962
0.47169
0.04332
0.04330
0.04110
0.21946
0.31771
0.05492
0.10578
0.08308
0.05587
0.17415
0.11087
0.31042
0.23399
0.10840
0.05687
0.04991
-0.00130
0.10156
0.43120
0.45625
0.04576
0.09792
0.04591
0.22310
0.05166
0.04717
0.15755
0.14232
0.16680
0.16966
0.10346
0.09673
0.10475
0.11026
0.21734
0.27935
0.46193
0.56986
0.51558
0.44513
0.46805
0.03400
0.04093
0.04161
0.34628
0.07880
0.11111
0.05859
0.16939
0.04631
0.14562
0.10591
0.27035
0.13041
0.01791
-0.01086
0.19061
0.37981
0.08132
0.06028
0.12987
0.24200
0.32411
0.04250
0.16328
0.11833
0.13571
0.15715
0.10488
0.15276
0.17939
0.30307
0.32329
0.35476
0.38218
0.37480
0.46156
0.26127
0.42349
0.32176
0.03744
0.03593
0.40937
0.50172
0.04140
0.09044
0.08962
0.10709
0.10180
0.11202
0.11789
0.06146
-0.01138
-0.00874
0.00122
0.05534
0.10816
0.37333
0.09153
0.05059
0.15331
0.04168
0.26541
0.05564
0.04492
0.12361
0.14349
0.10757
0.15284
0.22439
0.30146
0.39610
0.53962
0.48633
0.42354
0.42535
0.03225
0.03782
0.46495
0.51256
0.03332
0.06737
0.09509
0.04738
0.13749
0.12735
0.10663
0.11434
0.09417
0.03479
-0.00868
0.07084
0.19064
0.35795
0.42742
0.10537
0.14153
0.05782
0.03659
0.20779
0.11599
0.12399
0.10985
0.15424
0.16798
0.23391
0.41087
0.41324
0.45357
0.42820
0.45628
0.39674
0.53453
0.07983
0.05344
0.10689
0.04065
0.11902
0.30605
0.08516
0.17099
0.01632
-0.00028
0.13760
0.26740
0.47475
0.08599
0.05445
0.03972
0.10927
0.10929
0.11404
0.27846
0.24413
0.35860
0.34500
0.41268
0.38510
0.03486
0.52568
0.53692
0.06050
0.07113
0.10432
0.04217
0.10832
0.17306
0.08366
0.11142
0.03310
0.10789
0.10175
0.20069
0.46664
0.04721
0.12809
0.26377
0.42587
0.64091
0.10741
0.17151
0.17386
0.36768
0.11910
0.25792
0.37201
0.04906
0.06447
0.06741
0.08281
0.09062
0.04323
0.10089
0.10208
0.05952
0.04718
0.31867
0.39279
0.07921
0.04642
0.12212
0.43634
0.44858
0.08755
0.17647
0.14615
0.19020
0.32250
0.30007
0.32580
0.32137
0.05667
0.06995
0.08503
0.09345
0.09762
0.11586
0.34221
0.06867
0.10305
0.05687
0.25680
0.38620
0.37217
0.10057
0.19824
0.30479
0.29523
0.35687
0.07489
0.08111
0.09636
0.11700
0.09540
0.21885
0.10833
0.08455
0.24236
0.24715
0.28794
0.09668
0.18593
0.19117
0.29972
0.34438
0.12095
0.31423
0.32448
0.08030
0.12805
0.11510
0.14110
0.28403
0.35693
0.08649
0.11265
0.09167
0.14130
0.12000
0.17784
0.29271
0.08977
0.28201
0.22507
0.24673
0.13935
0.23300
0.19283
0.09009
0.12437
0.25894
0.27770
0.18381
0.15553
0.23773
0.15275
0.19353
0.15470
0.11404
0.10156
